0.999940
0.408020
0.137830
0.360630
0.313680
0.352560
0.116980
0.098190
0.259000
0.124320
0.098190
0.199590
0.099220
0.203420
0.199470
0.137220
0.147960
0.202490
0.267170
0.181340
0.259000
0.125410
0.202490
0.202490
0.147960
0.212710
0.147960
0.124320
0.098190
0.259000
0.125410
0.098190
0.181340
0.124320
0.212710
0.267170
0.181340
0.199470
0.147960
0.199470
0.259000
0.124320
0.181340
0.124320
0.147960
0.181340
0.124320
0.202490
0.083990
0.898970
0.122720
0.291120
0.277470
0.413560
0.163790
0.390600
0.218070
0.245860
0.188300
0.196450
0.110090
0.105770
0.194660
0.109500
0.187380
0.255460
0.565910
0.210350
0.091240
0.254730
0.266290
0.330610
0.165150
0.367040
0.544230
0.858180
0.806350
0.979550
0.678800
0.448260
0.999600
0.393100
0.817760
0.210800
0.176270
0.149170
0.154350
0.281900
0.980010
0.330960
0.641230
0.681890
0.758360
0.651030
0.280010
0.997750
0.724620
0.324400
0.509260
0.384340
0.733720
0.864970
0.522900
0.207290
0.124610
0.318740
0.113310
0.752140
0.138380
0.096130
0.090110
0.227470
0.190290
0.233350
0.639310
0.506680
0.327450
0.254400
0.347810
0.468160
0.875890
0.914060
0.958250
0.158360
0.199550
0.368130
0.561940
0.980780
0.737660
0.663720
0.963080
0.999450
0.566840
0.654810
0.998000
0.877630
0.805620
0.243710
0.153150
0.309820
0.999870
0.570710
0.263090
0.477710
0.438630
0.467610
0.157190
0.086790
0.319300
0.390240
0.121490
0.143330
0.128140
0.669940
0.309490
0.503710
0.999400
0.534440
0.379340
0.089220
0.102930
0.562410
0.997090
0.999340
0.822820
0.999880
0.999900
0.692800
0.981910
0.998830
0.721800
0.463540
0.998390
0.998140
0.994430
0.847440
0.994340
0.995270
0.607950
0.715510
0.985230
0.902250
0.417670
0.829660
0.852070
0.462160
0.554930
0.099280
0.969430
0.447900
0.545700
0.486940
0.277610
0.736850
0.372340
0.598000
0.325890
0.465560
0.520200
0.898350
0.392260
0.704010
0.843840
0.992840
0.551090
0.993150
0.999980
0.500110
0.510430
0.998530
0.732360
0.281300
0.427970
0.710590
0.544450
0.225900
0.216300
0.116050
0.345250
0.891250
0.726880
0.999810
0.511500
0.987910
0.920630
0.321330
0.785980
0.996740
0.972720
0.887410
0.998550
0.474380
0.118680
0.313070
0.474740
0.971230
0.555450
0.290660
0.502710
0.966680
0.728910
0.219930
0.487160
0.370640
0.527570
0.616110
0.448430
0.796260
0.446480
0.224250
0.909530
0.258750
0.296090
0.428210
0.554510
0.130990
0.197140
0.156990
0.454620
0.169750
0.224110
0.524610
0.095330
0.187240
0.832290
0.206720
0.248500
0.957980
0.855400
0.319950
0.884670
0.889250
0.999990
0.919120
0.967370
0.995030
0.999980
0.838960
0.981560
0.987310
0.477910
0.992550
0.487150
0.995950
0.529410
0.998880
0.626770
0.977880
0.356230
0.817020
0.152090
0.688770
0.404970
0.431570
0.306890
0.583350
0.957570
0.596530
0.625360
0.999650
0.958020
0.435130
0.999380
0.999620
0.791100
0.346750
0.984560
0.999860
0.559040
0.240580
0.999500
0.993850
0.773190
0.845250
0.540730
0.285310
0.630750
0.633110
0.165190
0.213770
0.189370
0.719890
0.294730
0.329690
0.293910
0.411640
0.342480
0.379280
0.292820
0.339780
0.392550
0.493300
0.995240
0.420760
0.346700
0.159550
0.204160
0.350840
0.202890
0.338970
0.207900
0.302040
0.446630
