    -1    343    316


 1

     1      1    -2.6368557549   0.071586000000      24.5540  -----------------E
     2      1    -3.1226569671   0.044040000000      15.1057  -----------------P
     3      1    -3.8165759765   0.022003010887       7.5470  ----------------AA
     4      1    -2.9364827144   0.053052000000      18.1968  ----------------D-
     5      1    -5.7239380824   0.003266820529       1.1205  ----------------ES
     6      1    -2.8588091394   0.057337000000      19.6666  ----------------G-
     7      1    -5.9853145577   0.002515422349       0.8628  ----------------GE
     8      1    -3.1226569671   0.044040000000      15.1057  ----------------P-
     9      1    -2.7936571103   0.061197000000      20.9906  ----------------S-
    10      1    -5.6370235823   0.003563458980       1.2223  ----------------TV
    11      1    -2.6715206058   0.069147000000      23.7174  ----------------V-
    12      1    -2.7780918366   0.062157000000      21.3199  ---------------I--
    13      1    -5.6797135043   0.003414536553       1.1712  --------------A--P
    14      1    -8.4415836426   0.000215708275       0.0740  --------------A-EG
    15      1    -8.2782993585   0.000253968743       0.0871  --------------K-TA
    16      1    -6.8775957532   0.001030618931       0.3535  --------------L-AA
    17      1    -8.5874138570   0.000186437619       0.0639  --------------Q-RE
    18      1    -8.7424856128   0.000159656550       0.0548  --------------V-VE
    19      1    -8.3684778555   0.000232068527       0.0796  --------------V-VS
    20      1   -16.4297875158   0.000000073221       0.0000  -----------EKKV-NI
    21      1   -16.3691894934   0.000000077795       0.0000  -----------QN-N-NF
    22      1   -23.1927095687   0.000000000085       0.0000  ----------KITSERAA
    23      1   -30.3716978440   0.000000000000       0.0000  --------KKVHYFMVVR
    24      1   -25.9580948223   0.000000000005       0.0000  --------MLRKKKKLWS
    25      1   -26.5314959763   0.000000000003       0.0000  --------RKTFFLRQRR
    26      4    -4.3476638560   0.012937000000       4.4374  -------C----------
    27      1    -2.9364827144   0.053052000000      18.1968  -------D----------
    28      4    -2.6368557549   0.071586000000      24.5540  -------E----------
    29      3    -3.1629209127   0.042302000000      14.5096  -------F----------
    30      2    -2.8588091394   0.057337000000      19.6666  -------G----------
    31      1    -3.8007052693   0.022355000000       7.6678  -------H----------
    32      5    -2.7395408682   0.064600000000      22.1578  -------K----------
    33      2    -3.1706334297   0.041977000000      14.3981  -------N----------
    34      4    -3.1226569671   0.044040000000      15.1057  -------P----------
    35      1    -2.8834577151   0.055941000000      19.1878  -------R----------
    36      1    -2.7936571103   0.061197000000      20.9906  -------S----------
    37      6    -2.9320628800   0.053287000000      18.2774  -------T----------
    38      5    -2.6715206058   0.069147000000      23.7174  -------V----------
    39      2    -3.3768462908   0.034155000000      11.7152  -------Y----------
    40      1   -11.7930322132   0.000007557031       0.0026  -----A-C--------VA
    41      1   -11.4619326984   0.000010523153       0.0036  -----A-F--------VV
    42      1    -8.2744367409   0.000254951624       0.0874  -----EQK----------
    43      1    -7.0185578589   0.000895115445       0.3070  -----H-K----------
    44      1    -9.6285549061   0.000065822100       0.0226  -----NSQ----------
    45      1    -4.8479121355   0.007844739216       2.6907  -----P-P--------PP
    46      1   -12.4252886832   0.000004015741       0.0014  -----P-S--------DT
    47      1    -5.1675302286   0.005698625756       1.9546  -----T-S----------
    48      1   -15.5270829962   0.000000180582       0.0001  ----TT-T------ILSL
    49      1   -12.6007062764   0.000003369635       0.0012  ----VV-I-------TVL
    50      1    -2.6894869378   0.067915775455      23.2951  AA----------------
    51      1   -18.7591636069   0.000000007129       0.0000  AA-QAAVV--------TA
    52      1    -5.9011695383   0.002736242806       0.9385  AAAAAAAA-------A--
    53      1   -40.5983379795   0.000000000000       0.0000  AAAAAAAACWGSSCVAIG
    54      1   -20.1757755984   0.000000001729       0.0000  AAAAAAAAGGGGGGYYAG
    55      1    -9.3940564925   0.000083217201       0.0285  AAAAAAAAPPPPPPPPPP
    56      1   -12.3008332674   0.000004547953       0.0016  AAAAAAAATTTTTTTTAA
    57      1   -41.8676980907   0.000000000000       0.0000  AAAAALLAVWEEEEFSTA
    58      1   -10.0815028497   0.000041846481       0.0144  AAAAAMMM----------
    59      1   -35.0503258547   0.000000000000       0.0000  AAAAASSTEEKTVIEQST
    60      1   -25.0517967045   0.000000000013       0.0000  AAAANRKE--------PD
    61      1   -34.4255534248   0.000000000000       0.0000  AAAGGFFLVLVLLLLVGS
    62      1   -24.8281168166   0.000000000016       0.0000  AAAMMGGAGGGGGGGGNG
    63      1   -34.0820504494   0.000000000000       0.0000  AAGGGATTLLIVVVFYAG
    64      1   -38.6411796554   0.000000000000       0.0000  AAGILGALSSSSSSSSSM
    65      1   -41.4348411820   0.000000000000       0.0000  AALAALAAWVAYYYIVVG
    66      1   -46.6565524605   0.000000000000       0.0000  AAPAVPPVSFMAFFAASM
    67      1   -37.8309576635   0.000000000000       0.0000  AAPPPPPPVLIFILWKYV
    68      1   -24.1968157385   0.000000000031       0.0000  AAPPT-D---E---P--S
    69      1   -44.5999176785   0.000000000000       0.0000  AAQLQMMMRKHYMMRKLL
    70      1   -40.8239583520   0.000000000000       0.0000  AASKASGSADEKKKSLAS
    71      1   -32.0956552807   0.000000000000       0.0000  AASSSTTVLLLMLLILGI
    72      1   -17.9455294335   0.000000016083       0.0000  AATTTTTT------S-QD
    73      1   -32.8087247498   0.000000000000       0.0000  AAWWWWLLFFFLLLGFLL
    74      1   -43.2704061638   0.000000000000       0.0000  AGTVVAAGRNATSSSNGG
    75      1   -47.4406755211   0.000000000000       0.0000  ATAAGSAYTKAKKKKWRM
    76      1   -19.9815395826   0.000000002100       0.0000  AVTSTSAT----------
    77      1   -23.2638859079   0.000000000079       0.0000  DDDDDDDDSPPDDDSNDD
    78      1   -30.1145471405   0.000000000000       0.0000  DDQGKALK--------AT
    79      1   -36.5481718814   0.000000000000       0.0000  DDSRTSSSKKRKRKKRTG
    80      1   -29.5774056742   0.000000000000       0.0000  EDEDD---NNNENNNHAA
    81      1   -19.9427071488   0.000000002183       0.0000  EDEE-REE--------AQ
    82      1   -32.2588053264   0.000000000000       0.0000  EEDEERDESSSSNNSSPP
    83      1   -34.5079981499   0.000000000000       0.0000  EEEEAVVVDSNSSSNNGA
    84      1   -25.3809082716   0.000000000009       0.0000  EEEEEEEEAEVAAAALST
    85      1   -20.2456668545   0.000000001612       0.0000  EEEEEEEEFFFFFFFFTD
    86      1   -16.0105750964   0.000000111351       0.0000  EEEEEEEESSSSSSAAAA
    87      1   -37.3951798186   0.000000000000       0.0000  EEEETNNNVSTEEEESTK
    88      1   -27.6128008067   0.000000000001       0.0000  ENRAKRKK--------VN
    89      1   -42.9553470051   0.000000000000       0.0000  FCLILITMPPLLLLVIFL
    90      1    -3.2774610747   0.037723913523      12.9393  FF----------------
    91      1   -19.4514390722   0.000000003567       0.0000  FF-FFHCY--------A-
    92      1   -34.8341879957   0.000000000000       0.0000  FFAFFAAALVLSSSELSL
    93      1   -28.9108096544   0.000000000000       0.0000  FFAFFAAGSSSTTTTTGA
    94      1   -31.3403778937   0.000000000000       0.0000  FFFFFFFAYFAAAALIVV
    95      1   -11.2499180335   0.000013008364       0.0045  FFFFFFFF--------IT
    96      1   -10.1219691440   0.000040186914       0.0138  FFFFFFFFFFFFFFFFYY
    97      1   -31.9801495264   0.000000000000       0.0000  FFFFFFFFISYTTTHNLL
    98      1   -10.3501964133   0.000031986507       0.0110  FFFFFFFFWWWWWWWWWW
    99      1    -9.0980106700   0.000111888170       0.0384  FFFFFFFFYYYYYYYYYY
   100      1   -25.3032931289   0.000000000010       0.0000  FFFFFFFIFLLILLLIII
   101      1   -23.4226412834   0.000000000067       0.0000  FFFFFFFLNNATTTTTTT
   102      1   -14.5329414503   0.000000488004       0.0002  FFFFFLIL--------M-
   103      1   -24.0422673337   0.000000000036       0.0000  FFFLFFFFGGAFFFGGLL
   104      1   -27.4949380589   0.000000000001       0.0000  FFFLLFVIIIVVVVVVIV
   105      1   -27.6576311721   0.000000000001       0.0000  FFFYFYFYFYFFFFFYYW
   106      1   -37.2143496978   0.000000000000       0.0000  FFLFFALFIIYLLLSTLY
   107      1   -32.2265364445   0.000000000000       0.0000  FFLLLLLLLLGFLFFAVL
   108      1   -28.4754324138   0.000000000000       0.0000  FFTVVLLLVVLIIILILL
   109      1   -35.9602203109   0.000000000000       0.0000  FFVFFFFFAVGLIIMGIV
   110      1   -35.7574651795   0.000000000000       0.0000  GAAAAALLMIAGGGALAA
   111      1   -27.7131224130   0.000000000001       0.0000  GGAGGAGATLK-----TV
   112      1    -7.7719109819   0.000421407195       0.1445  GGAGGGGG----------
   113      1   -19.1937952413   0.000000004616       0.0000  GGAGKTTT--------L-
   114      1   -28.2866466755   0.000000000001       0.0000  GGATALLLTTTTTTTTSA
   115      1   -24.1577532370   0.000000000032       0.0000  GGDGSSNNGGGGGGG-GG
   116      1   -32.0692145952   0.000000000000       0.0000  GGGGDNNDRKRKKKKVRR
   117      1    -7.8496509259   0.000389888044       0.1337  GGGGGAGG----------
   118      1    -4.0168541760   0.018009530735       6.1773  GGGGGGGG----------
   119      1    -5.4533075662   0.004282117853       1.4688  GGGGGGGG------G-GG
   120      1    -6.1731374222   0.002084685192       0.7150  GGGGGGGGGGGGGGGGGG
   121      1   -20.4941549928   0.000000001257       0.0000  GGGGGGGGGGGMMMGDAG
   122      1   -18.5365848730   0.000000008906       0.0000  GGGGGGGGGSSSSSSGSS
   123      1   -25.4080654709   0.000000000009       0.0000  GGGGGGGGTAETTTAATE
   124      1   -38.9439404026   0.000000000000       0.0000  GGGGGGGTTQGRGSRRDD
   125      1   -21.3746202493   0.000000000521       0.0000  GGGGGMFF--------GP
   126      1   -35.8531897502   0.000000000000       0.0000  GGGGGTTTSSDYIIYFFY
   127      1   -13.0709050780   0.000002105611       0.0007  GGGGGVAV----------
   128      1   -36.6990557915   0.000000000000       0.0000  GGQGG-G-QTQRRRVTWF
   129      1   -29.7534351580   0.000000000000       0.0000  GTRGKRQD--------G-
   130      1   -15.4340626485   0.000000198185       0.0001  HHHHHHHHAGGGGGGGGG
   131      1   -26.9647240490   0.000000000002       0.0000  HHHHHHHHVIIIIIVISW
   132      1   -24.6418248970   0.000000000020       0.0000  IIAIIQRA--------LA
   133      1   -40.4344112935   0.000000000000       0.0000  IIAVTLLILPPKEE-NLK
   134      1   -16.9926889854   0.000000041703       0.0000  IIIIIIIILLIIIIVLLL
   135      1   -17.2114435396   0.000000033509       0.0000  IIIIIIIIVTIIIIIILL
   136      1   -25.6000159382   0.000000000008       0.0000  IIIIIIINMMMMMMMMCI
   137      1   -29.7721579917   0.000000000000       0.0000  IIIIIMVILLWLLLLLSM
   138      1   -25.2461831842   0.000000000011       0.0000  IILIILLLIAVLLLFVLL
   139      1   -16.5751691671   0.000000063313       0.0000  IILLLLLL------V-TG
   140      1   -24.0201627951   0.000000000037       0.0000  IILVVLLLLMLFFFLLML
   141      1   -26.7343278170   0.000000000002       0.0000  IIMIIMIIMMTMMMMILL
   142      1   -28.9255276218   0.000000000000       0.0000  IIRRNRWL--------EE
   143      1   -12.3990980076   0.000004122305       0.0014  IITIVIII----------
   144      1   -45.2427164204   0.000000000000       0.0000  IIVFIAAIPPALVAKPVN
   145      1   -34.2713262441   0.000000000000       0.0000  IIVFIIIIYYYFYFYKSY
   146      1   -40.8526376413   0.000000000000       0.0000  IIVILAVFAAGIAAITVT
   147      1   -28.2206813128   0.000000000001       0.0000  IIVLIIIVITLLLLVVVL
   148      1   -27.8305400340   0.000000000001       0.0000  IIVLLVIILLMVVVLAVI
   149      1   -38.3091210728   0.000000000000       0.0000  IIVVIIIITDKNKKQNLQ
   150      1   -43.3717774197   0.000000000000       0.0000  IIWIWWWILIAITTVLAA
   151      1    -5.2675234872   0.005156364577       1.7686  IV----------------
   152      1   -32.1459892293   0.000000000000       0.0000  KK-KKQ-ESIG---NEIP
   153      1    -7.8961214011   0.000372184298       0.1277  KKKKKKKKKKKKKKKKKK
   154      1   -35.3960941632   0.000000000000       0.0000  KKKKKLLLFYIIVVYEML
   155      1   -29.0988469774   0.000000000000       0.0000  KKRKKKRKTTTAAADAEE
   156      1   -33.3136963668   0.000000000000       0.0000  KKRKKRPKIVVVLLILLI
   157      1   -20.7960411729   0.000000000930       0.0000  KKRSSSRK--------Q-
   158      1   -45.2962526403   0.000000000000       0.0000  KKVSSEAVLPLTLVA-LF
   159      1   -36.1704860093   0.000000000000       0.0000  KQQQQQQQSSTDGGGDSV
   160      1   -31.9826233432   0.000000000000       0.0000  KR--PA-KEEE---QTTS
   161      1   -24.3984360822   0.000000000025       0.0000  LFVFLLIS-------Y--
   162      1   -12.3824407120   0.000004191547       0.0014  LI--------------MT
   163      1   -30.0428082029   0.000000000000       0.0000  LIVILVIIVVVILIIIIV
   164      1   -23.7752641927   0.000000000047       0.0000  LLAAAAAAVAASSSAAGA
   165      1   -41.5254485851   0.000000000000       0.0000  LLAAGAAVGGANYYLLVY
   166      1   -24.7674254575   0.000000000018       0.0000  LLATASSSFFFFFFFFFF
   167      1   -31.8649331409   0.000000000000       0.0000  LLLFFLLFIMFIIIIISI
   168      1   -23.3324724884   0.000000000074       0.0000  LLLILLLIVVVVVVILTT
   169      1   -14.1457683785   0.000000718738       0.0002  LLLILLLL--------VR
   170      1   -35.7775171945   0.000000000000       0.0000  LLLILLLLPAFFFFTDGN
   171      1   -30.3929253367   0.000000000000       0.0000  LLLLILLLAAAFFFLPTG
   172      1   -19.4132375490   0.000000003706       0.0000  LLLLLLLLAAILLLVIIL
   173      1   -12.7251891727   0.000002975230       0.0010  LLLLLLLLFYFFFFFFFF
   174      1   -22.3468195646   0.000000000197       0.0000  LLLLLLLLLFLFLLIIVV
   175      1    -6.7105846685   0.001217951818       0.4178  LLLLLLLLLLLLLLLLLL
   176      1   -10.6224738852   0.000024362296       0.0084  LLLLLLLLLLLLLLLLVI
   177      1   -24.4940521317   0.000000000023       0.0000  LLLLLLLLVSIILLIALL
   178      1   -16.5070567277   0.000000067776       0.0000  LLLLLLLMMMMMMMMMLM
   179      1   -31.9063805552   0.000000000000       0.0000  LLLLLLMVLLLFFLAVAV
   180      1   -33.8602455203   0.000000000000       0.0000  LLLLLTTTIIWLLLGVAV
   181      1   -28.6933983765   0.000000000000       0.0000  LLLLLVLLGQEDDDG-EE
   182      1   -22.1499846688   0.000000000240       0.0000  LLLMLLLP--E-----RS
   183      1   -33.1042758473   0.000000000000       0.0000  LLLVLLLLYYIRKKIRLI
   184      1   -33.7161864083   0.000000000000       0.0000  LLMLLLFFAIGVVVLILF
   185      1   -43.8315738855   0.000000000000       0.0000  LLSAMSTKTTLTSSE-MQ
   186      1   -24.2184593510   0.000000000030       0.0000  LLTLLLLLFMFFFFFLLL
   187      1   -46.3070345452   0.000000000000       0.0000  LLVLIAFISQLAVILWVF
   188      1   -25.8519632523   0.000000000006       0.0000  LLVLLAAFLLLLLLVLLL
   189      1   -28.4801183923   0.000000000000       0.0000  LLVLLVVIDDDEEEEHAD
   190      1   -34.2629070451   0.000000000000       0.0000  LLVVVMMMIIGMVVLVLL
   191      1   -31.9412832993   0.000000000000       0.0000  LMLLLLLLFFFIIIGIVG
   192      1   -47.9522452369   0.000000000000       0.0000  LVVVLAAFQQYYFYASWA
   193      1   -46.2051273558   0.000000000000       0.0000  MLVAAAALAAGIATSFGG
   194      1   -32.5310771988   0.000000000000       0.0000  MMIIIFVIAAIVVVVAAA
   195      1   -12.3530103986   0.000004316739       0.0015  MMMMMMMMLLLLLLLLIL
   196      1   -11.2234311609   0.000013357518       0.0046  MMMMMMMMMMMMMMMMMM
   197      1   -20.2873499772   0.000000001546       0.0000  MMMMMMMMTTTVVVVIMM
   198      1   -28.4051565886   0.000000000000       0.0000  MMWWLWWWWWWWWWILWF
   199      1    -8.1692160082   0.000283239987       0.0972  NNNNNNNN--------A-
   200      1   -22.3492800242   0.000000000197       0.0000  NNNNNNNNSTSSSSTTLS
   201      1   -20.8514689771   0.000000000880       0.0000  NNNNNNNNYYYYYYYLQY
   202      1   -24.0296851116   0.000000000037       0.0000  NNNNNNNTTTTNNNTMDD
   203      1   -29.4904974364   0.000000000000       0.0000  NNNVVNNNVVVVVIAVVV
   204      1   -19.7218866877   0.000000002722       0.0000  NNSPPPRP----------
   205      1   -38.5952156943   0.000000000000       0.0000  NNVTCVVVSLKLLLLLAV
   206      1   -21.2158707854   0.000000000611       0.0000  NSSGS-G---S------K
   207      1   -37.3577903710   0.000000000000       0.0000  NTSAARRNGGGSSSR-AG
   208      1   -33.5732788355   0.000000000000       0.0000  PP---KKS--NAPL-ARK
   209      1   -15.6035089107   0.000000167295       0.0001  PPGPPPPP--------GA
   210      1   -17.9068998090   0.000000016716       0.0000  PPP--L-G--------GS
   211      1   -44.5518164750   0.000000000000       0.0000  PPPFFVAANGPLVV-HIF
   212      1   -41.7443819805   0.000000000000       0.0000  PPPIPASAGGGNYHSGDG
   213      1   -26.4632641777   0.000000000003       0.0000  PPPPPASSFFFFFFFIFW
   214      1    -4.1310805240   0.016065510272       5.5105  PPPPPPPP----------
   215      1   -19.8239150721   0.000000002458       0.0000  PPPPPPPPKKP----KSR
   216      1   -12.9395287305   0.000002401232       0.0008  PPPPPPPT--------PA
   217      1   -20.1542144222   0.000000001767       0.0000  PPPPPSDN--------RD
   218      1   -19.1890029510   0.000000004638       0.0000  PPPPPTTT-------LAY
   219      1   -38.0488941831   0.000000000000       0.0000  PPQASAPPFFFAAAFFWY
   220      1   -24.2910325436   0.000000000028       0.0000  PPVPGPPV--------IV
   221      1   -28.9874417577   0.000000000000       0.0000  QQAIKATR--------QA
   222      1   -32.2793293370   0.000000000000       0.0000  QQDDDSDDVLIIIIAILL
   223      1   -39.9415584148   0.000000000000       0.0000  QQFRRYYYVTAWWWTSVI
   224      1   -29.9901155754   0.000000000000       0.0000  QQGKGRKKGGGGGGGAGG
   225      1   -20.0962555182   0.000000001872       0.0000  QQQQQMMMAAAAAAAAAG
   226      1   -25.9684911770   0.000000000005       0.0000  QQQQQMMMFFWWWWFFWW
   227      1   -18.9504338797   0.000000005888       0.0000  QQQQQQQQAAASSSASGG
   228      1   -31.5273183623   0.000000000000       0.0000  QQQQQQQQIAILVIALVL
   229      1   -31.0401720631   0.000000000000       0.0000  QQQQQQQQIYYHHHDDII
   230      1   -27.7546598931   0.000000000001       0.0000  QQRNEKRC--------SQ
   231      1   -42.3496005481   0.000000000000       0.0000  RHIRQIIMIVVIIIVSSI
   232      1   -38.3573926238   0.000000000000       0.0000  RRAAAGGARQRKKKTQTF
   233      1   -19.1695919596   0.000000004729       0.0000  RRGRRWWW--------H-
   234      1   -33.9094008635   0.000000000000       0.0000  RRPPPPPSTTTILLSSAI
   235      1   -15.2593062937   0.000000236030       0.0001  RRRRQRRR--------RP
   236      1    -7.6859403108   0.000459238759       0.1575  RRRRRRRRRRRRRRRRRR
   237      1   -25.0228145233   0.000000000014       0.0000  RRRSSGQR--------AG
   238      1   -37.5950905072   0.000000000000       0.0000  RRTKRRRKFAILLLIAWL
   239      1   -24.2232025237   0.000000000030       0.0000  SGGAGAGD--------AP
   240      1   -27.2178490541   0.000000000002       0.0000  SNGQNGGK--------RP
   241      1   -10.0562537994   0.000042916517       0.0147  SS------------G-DD
   242      1   -30.1414800155   0.000000000000       0.0000  SSAAAASSSAASTTASAG
   243      1   -51.9082538580   0.000000000000       0.0000  SSAFVTLFITEQEEEMSW
   244      1   -32.0627090734   0.000000000000       0.0000  SSASSSSSMMIAAAGIAL
   245      1   -26.7298731112   0.000000000002       0.0000  SSCCCCSCSSSSSSSSCT
   246      1   -34.9657062243   0.000000000000       0.0000  SSDDNDDDDNNNDDTSSP
   247      1   -49.0411747292   0.000000000000       0.0000  SSGNDRKKSPVLFIWWLS
   248      1   -16.2219960539   0.000000090132       0.0000  SSGSSAAA------S-AA
   249      1   -41.3706687073   0.000000000000       0.0000  SSSASATSTTVLVASTGT
   250      1   -31.4234489784   0.000000000000       0.0000  SSSGS-G-KEESSSSAAT
   251      1   -19.1507457716   0.000000004819       0.0000  SSSSSSAACCCCCCCCTT
   252      1   -14.7546780455   0.000000390953       0.0001  SSSSSSSSAASSSSSSST
   253      1   -10.8565245083   0.000019278414       0.0066  SSSSSSSSDDDDDDDDDD
   254      1   -19.9592337106   0.000000002147       0.0000  SSSSSSSSFFFFFFYYLV
   255      1   -20.6505084312   0.000000001075       0.0000  SSSSSSSSPSTSSSSSPP
   256      1   -24.6992659700   0.000000000019       0.0000  SSSSSSSSSSALVVLLLL
   257      1   -32.3433505244   0.000000000000       0.0000  SSTSSSSSVTVSSSADMM
   258      1   -18.0968691133   0.000000013824       0.0000  STV--T-V--------LV
   259      1   -41.5289781709   0.000000000000       0.0000  SVSAAI-VASAEEEDIST
   260      1   -11.2271884085   0.000013307425       0.0046  TA--------------SS
   261      1   -19.3918730778   0.000000003786       0.0000  TDT--D-D--------DE
   262      1   -39.4787971777   0.000000000000       0.0000  TSTNNSSNSSTTTSASIT
   263      1   -16.0409138530   0.000000108024       0.0000  TTASAYYY----------
   264      1   -31.0189778213   0.000000000000       0.0000  TTSSSSSSLITIVVVIYV
   265      1   -35.1353120323   0.000000000000       0.0000  TTTVTTSTGGNKKKYDGG
   266      1   -28.5909601534   0.000000000000       0.0000  TTVLLLLIFFFFFFFFAM
   267      1   -38.9421865667   0.000000000000       0.0000  TTVTAVAMLGLFFFLLAL
   268      1   -32.2640347438   0.000000000000       0.0000  TTVTSIVLLLLGGGGGGA
   269      1   -38.7505137959   0.000000000000       0.0000  TTVTVETTFFLIMMFLLT
   270      1   -40.3248798716   0.000000000000       0.0000  TTVTVLLVLLIVGVLGVV
   271      1   -25.8164139885   0.000000000006       0.0000  TVVVVIIILLLAAALLLA
   272      1    -5.2675234872   0.005156364577       1.7686  VI----------------
   273      1   -21.8656934728   0.000000000319       0.0000  VIAAIVAF----------
   274      1   -26.1686412657   0.000000000004       0.0000  VIQAILLF--------AI
   275      1   -33.1868671444   0.000000000000       0.0000  VIVVVLVLTTTTVVVTVL
   276      1   -29.8036506415   0.000000000000       0.0000  VLLLILLIFFFIIILIML
   277      1   -22.8481670640   0.000000000119       0.0000  VVAAAAAAAAAAAAAFFA
   278      1   -31.9229024733   0.000000000000       0.0000  VVAAAAAAMTVVAAIVST
   279      1   -42.1077568854   0.000000000000       0.0000  VVFFFFFSVYLMTTYVVY
   280      1   -31.4671182229   0.000000000000       0.0000  VVILIIILFMVIIILAVL
   281      1   -37.2356032395   0.000000000000       0.0000  VVIVIFFFKKLIIVAKRR
   282      1   -36.4935204448   0.000000000000       0.0000  VVIVIIIVGILIVIKLVA
   283      1   -32.0006748876   0.000000000000       0.0000  VVLATLLVFFFFFFFALA
   284      1   -27.1990852421   0.000000000002       0.0000  VVLILVVVIIIIIILYVV
   285      1   -23.2185876108   0.000000000082       0.0000  VVLLRVGG--------L-
   286      1   -28.3691624294   0.000000000000       0.0000  VVPLLPPPIIIVVVITVI
   287      1   -36.5154055128   0.000000000000       0.0000  VVRVKLIVFFLLLLFFLA
   288      1   -29.9748222575   0.000000000000       0.0000  VVTVVEEEEEENNNAATT
   289      1   -16.9497340389   0.000000043534       0.0000  VVVIISVI--------L-
   290      1   -27.9588179899   0.000000000001       0.0000  VVVIIVVVTTLTTTLYLL
   291      1   -39.5773235276   0.000000000000       0.0000  VVVIMVIIGTILLLAMMK
   292      1   -46.4300383231   0.000000000000       0.0000  VVVTVDGERPPKEERTSE
   293      1   -37.1833856615   0.000000000000       0.0000  VVVVVFFVVATIIIFYFS
   294      1   -28.8711582600   0.000000000000       0.0000  VVVVVLLLLLYFYFLLAA
   295      1    -4.8785975642   0.007607675826       2.6094  VVVVVVVV----------
   296      1    -9.0406839618   0.000118489766       0.0406  VVVVVVVV--------FF
   297      1   -26.7438512767   0.000000000002       0.0000  VVVVVVVVSTAIIIIAIF
   298      1   -20.9892367846   0.000000000766       0.0000  VVYYYYYV--------DK
   299      1   -30.6770271590   0.000000000000       0.0000  WWVVVVVVYYTVVVYYLL
   300      1   -24.2130649676   0.000000000031       0.0000  WWWQNWG---------E-
   301      1   -19.2422304079   0.000000004397       0.0000  WWWWWWWWFFYYYYYYFM
   302      1   -24.3857522687   0.000000000026       0.0000  WWWWWWWWFLILIIIIVV
   303      1   -27.7702406821   0.000000000001       0.0000  WWWWWWWWIVLFYYFKFL
   304      1   -11.0604637112   0.000015721777       0.0054  WWWWWWWWWWWWWWWWYY
   305      1   -33.2593939793   0.000000000000       0.0000  WWWYYLVILLVIIILLAL
   306      1   -20.5059621455   0.000000001243       0.0000  YYLYFWFF--------N-
   307      1   -20.1858866180   0.000000001712       0.0000  YYP--V-P--------AG
   308      1   -41.1514598818   0.000000000000       0.0000  YYRYISYPWWWWWWASWW
   309      1   -29.5731610580   0.000000000000       0.0000  YYYYYFFFKKRNNNDQIV
   310      1   -30.0307732886   0.000000000000       0.0000  YYYYYHHHVIISSSFVTT
   311      1   -42.0660344955   0.000000000000       0.0000  YYYYYYYPMKELQQPIAV
   312      1   -28.4247350303   0.000000000000       0.0000  YYYYYYYYATGASAG-AP
   313      1   -25.9637602293   0.000000000005       0.0000  YYYYYYYYATTAAATLVL
   314      1   -18.1802854733   0.000000012718       0.0000  YYYYYYYYPPPPPPPPVS
   315      1   -11.8426574851   0.000007191164       0.0025  YYYYYYYYYYYYYYYYWW
   316      1    -9.7920011063   0.000055896930       0.0192  YYYYYYYYYYYYYYYYYF