

TREE # 1

  0  0.0000   8124.097846  x:  0.08317   0.12004   0.03172   0.01848   0.13012   0.05997   0.04750   0.02784   0.11206   0.10430   0.12784   0.04729   0.00000   0.24113   0.13031   0.13043   0.07019   0.03618   0.01265   0.16485   0.16887   0.04152   0.14814   0.06384   0.10675   0.09326   0.08308   0.07494   0.03570   0.05911   0.05975   0.01169   0.20724   0.22822   0.52148  
  1 99.0000   7899.344365  x:  0.14271   0.23178   0.11891   0.13662   0.14407   0.01176   0.01593   0.07663   0.10875   0.10831   0.13064   0.11166   0.12451   0.23726   0.11272   0.13021   0.13443   0.13513   0.14496   0.22348   0.19839   0.11942   0.18674   0.11418   0.13362   0.12756   0.14420   0.08660   0.06715   0.02656   0.02533   0.07123   0.24497   0.25926   0.49767  
  2 1912.7829   7868.584104  x:  0.16324   0.27352   0.13226   0.15306   0.14970   0.06857   0.07897   0.07917   0.10895   0.11006   0.12608   0.12105   0.13514   0.23587   0.09591   0.12244   0.15558   0.15822   0.17242   0.24921   0.21005   0.13807   0.20263   0.13229   0.14613   0.14115   0.16159   0.08990   0.07349   0.03579   0.03136   0.09176   0.26522   0.27574   0.49615  
  3 1345.8084   7807.430262  x:  0.20847   0.37876   0.10947   0.11293   0.16629   0.04911   0.07170   0.04027   0.12035   0.12264   0.10074   0.10184   0.05877   0.24206   0.02803   0.08309   0.19979   0.17458   0.17794   0.32861   0.24329   0.15353   0.24730   0.17488   0.18446   0.17687   0.18787   0.09573   0.07275   0.08124   0.06618   0.13700   0.33858   0.33584   0.54258  
  4 561.5410   7772.801437  x:  0.24510   0.48536   0.07353   0.05222   0.19280   0.04692   0.07595   0.03956   0.13251   0.13663   0.10557   0.08003   0.02548   0.27435   0.10577   0.12180   0.23554   0.16469   0.14541   0.41569   0.27583   0.15043   0.29011   0.20798   0.21413   0.20240   0.20226   0.10029   0.06464   0.05566   0.02788   0.17362   0.42150   0.40354   0.61875  
  5 467.6946   7749.869742  x:  0.26069   0.57504   0.07122   0.07330   0.22279   0.04687   0.07343   0.09978   0.14597   0.15528   0.18236   0.09932   0.02768   0.30901   0.12629   0.17855   0.25059   0.11572   0.05737   0.49993   0.30363   0.12132   0.32490   0.22095   0.22763   0.21051   0.19831   0.12027   0.07268   0.07206   0.07583   0.18921   0.50532   0.47194   0.73965  
  6 376.6856   7738.049135  x:  0.24478   0.60198   0.10044   0.07023   0.22995   0.05524   0.07740   0.06828   0.15030   0.15696   0.21573   0.13976   0.04349   0.33210   0.09128   0.19307   0.23736   0.09127   0.02644   0.54216   0.33092   0.11557   0.34332   0.21104   0.22221   0.20577   0.20466   0.13117   0.08930   0.04901   0.04474   0.17331   0.54592   0.50534   0.86592  
  7 216.2872   7724.745371  x:  0.18701   0.61043   0.10134   0.07071   0.23691   0.06335   0.08247   0.05735   0.16201   0.15984   0.25403   0.16751   0.04700   0.38186   0.10568   0.22251   0.18935   0.09516   0.10155   0.59950   0.39456   0.14086   0.37053   0.17597   0.20137   0.19410   0.24144   0.12527   0.10113   0.09248   0.04673   0.11553   0.59594   0.54646   1.12767  
  8 217.1403   7719.365062  x:  0.16753   0.59835   0.09375   0.09168   0.24218   0.06585   0.09084   0.09555   0.17332   0.17131   0.24625   0.16260   0.02809   0.39374   0.10130   0.21079   0.17491   0.11806   0.10443   0.60189   0.40944   0.16115   0.37863   0.17517   0.21606   0.21132   0.26446   0.12620   0.10365   0.07134   0.04014   0.09605   0.60403   0.55460   1.25579  
  9 170.9404   7713.856976  x:  0.16012   0.57635   0.08620   0.09657   0.24641   0.06627   0.09912   0.10407   0.18099   0.18109   0.21213   0.14839   0.06959   0.40217   0.11524   0.19359   0.17159   0.15249   0.08390   0.58669   0.41647   0.18563   0.38675   0.18549   0.24756   0.24313   0.29335   0.13182   0.10405   0.05932   0.07220   0.08864   0.60480   0.55925   1.42654  
 10 217.8370   7709.525190  x:  0.19407   0.55287   0.12175   0.12791   0.25684   0.07131   0.09981   0.09102   0.17203   0.17898   0.19455   0.14807   0.05186   0.39950   0.14971   0.19712   0.19975   0.17786   0.06841   0.54515   0.40611   0.19514   0.38833   0.19676   0.26330   0.25689   0.30827   0.14298   0.09974   0.08851   0.06992   0.12259   0.58703   0.55267   1.58383  
 11 111.5133   7707.000786  x:  0.23676   0.54433   0.11779   0.11767   0.26387   0.07797   0.10014   0.09954   0.18150   0.19018   0.21248   0.12162   0.05871   0.39021   0.13290   0.21612   0.23785   0.17940   0.09675   0.50743   0.39145   0.18720   0.39138   0.20364   0.25675   0.24928   0.29804   0.15001   0.09864   0.08132   0.06961   0.16528   0.56004   0.53997   1.69175  
 12 68.7940   7706.665965  x:  0.23903   0.54948   0.12238   0.10897   0.26111   0.07338   0.10542   0.10474   0.18028   0.18562   0.21425   0.13265   0.05534   0.38911   0.13586   0.21184   0.24468   0.17545   0.10586   0.50559   0.38596   0.18261   0.39322   0.21148   0.25954   0.25185   0.28634   0.14459   0.09891   0.07534   0.07657   0.16756   0.54953   0.53447   1.70835  
 13 21.7073   7706.444606  x:  0.23656   0.55857   0.11197   0.11505   0.26005   0.07197   0.10739   0.10242   0.17904   0.18520   0.21485   0.13592   0.05709   0.38961   0.13778   0.20672   0.24959   0.17192   0.11003   0.50905   0.37931   0.17825   0.39313   0.22127   0.26341   0.25490   0.27226   0.14363   0.10652   0.07908   0.07180   0.16508   0.53783   0.52874   1.71966  
 14 14.6563   7706.285916  x:  0.23413   0.56684   0.10978   0.11787   0.26147   0.07579   0.10396   0.10106   0.18212   0.18969   0.21018   0.13940   0.05755   0.39047   0.13626   0.20993   0.25282   0.17468   0.10894   0.51466   0.37445   0.17944   0.38903   0.22439   0.26212   0.25225   0.26611   0.13760   0.09885   0.07992   0.07138   0.16265   0.53074   0.52644   1.72598  
 15  7.8305   7705.918690  x:  0.23037   0.58175   0.10994   0.11432   0.26348   0.08168   0.09832   0.10238   0.18152   0.18962   0.20165   0.14209   0.05374   0.39181   0.13569   0.21764   0.25710   0.18482   0.10643   0.52699   0.36615   0.18571   0.37734   0.22462   0.25665   0.24413   0.26090   0.14907   0.10467   0.07768   0.07639   0.15889   0.52000   0.52515   1.73737  
 16 12.1786   7704.142347  x:  0.23002   0.61392   0.11365   0.10950   0.26290   0.07112   0.10985   0.10517   0.16396   0.16747   0.22581   0.12389   0.05766   0.39047   0.13314   0.21053   0.25685   0.20284   0.09891   0.56212   0.35394   0.20110   0.34844   0.21563   0.25972   0.24200   0.26071   0.16055   0.08160   0.08099   0.07146   0.15854   0.50882   0.54076   1.78088  
 17 11.1325   7698.097066  x:  0.24275   0.68033   0.15890   0.10000   0.25552   0.04594   0.14068   0.09441   0.22657   0.22588   0.27231   0.10391   0.05800   0.38321   0.15702   0.19342   0.23097   0.20664   0.10227   0.64566   0.34318   0.21951   0.31729   0.20621   0.28693   0.26403   0.27071   0.19217   0.08090   0.09489   0.06800   0.17127   0.50660   0.60656   1.92426  
 18 38.7379   7666.171587  x:  0.32376   0.92060   0.22703   0.14072   0.35821   0.13149   0.08146   0.08440   0.22544   0.23351   0.30495   0.07071   0.04591   0.44550   0.16811   0.29726   0.10193   0.10396   0.16190   0.95531   0.41669   0.24389   0.47053   0.31999   0.40677   0.38116   0.36787   0.18930   0.12528   0.06568   0.10870   0.25227   0.61023   0.93945   2.67642  
 19 96.1789   7652.368103  x:  0.35445   1.01595   0.19374   0.10322   0.35850   0.10034   0.12084   0.16954   0.23326   0.24294   0.25683   0.14979   0.08227   0.50581   0.15006   0.30795   0.14964   0.12021   0.12639   1.03442   0.48689   0.21668   0.56287   0.34353   0.37756   0.35676   0.42646   0.17672   0.15373   0.14658   0.05088   0.28296   0.71287   1.05292   2.99649  
 20 139.3571   7644.971375  x:  0.36032   1.07736   0.12840   0.15348   0.33691   0.07150   0.15672   0.13157   0.23806   0.25802   0.27875   0.19800   0.06604   0.54060   0.17923   0.28396   0.23278   0.16847   0.10614   1.04382   0.54905   0.20072   0.62030   0.33023   0.32070   0.31206   0.45224   0.16850   0.16061   0.10084   0.09020   0.28882   0.80515   1.08226   3.15379  
 21 94.4428   7642.566108  x:  0.32818   1.12897   0.11749   0.13839   0.34068   0.10988   0.11935   0.13037   0.24931   0.25680   0.31803   0.22276   0.06412   0.51245   0.18900   0.27471   0.30218   0.18497   0.10368   0.99686   0.59027   0.22161   0.63139   0.29481   0.34358   0.35293   0.43014   0.19206   0.14923   0.10749   0.08705   0.25668   0.89004   1.03151   3.20350  
 22 29.0354   7641.480569  x:  0.30312   1.17350   0.13489   0.14580   0.35018   0.08616   0.14314   0.12426   0.24714   0.25784   0.30347   0.20040   0.06085   0.50143   0.18050   0.31125   0.32669   0.17249   0.10812   0.96341   0.60404   0.23540   0.62790   0.28278   0.35826   0.36706   0.40939   0.19650   0.14808   0.10790   0.08843   0.23162   0.95777   0.97545   3.22787  
 23 24.9572   7640.825789  x:  0.29387   1.21701   0.16610   0.14538   0.34994   0.09349   0.13649   0.13036   0.24102   0.26241   0.29968   0.16378   0.06512   0.51031   0.18597   0.28883   0.32094   0.16236   0.10949   0.94446   0.59551   0.23233   0.61785   0.29742   0.35092   0.34648   0.40893   0.18037   0.15977   0.10885   0.08750   0.22237   1.02301   0.91308   3.24726  
 24 16.5708   7640.602556  x:  0.29906   1.23045   0.16032   0.14495   0.33903   0.09411   0.13571   0.12767   0.25300   0.25133   0.30520   0.16914   0.06343   0.51084   0.18354   0.29679   0.30011   0.16985   0.10979   0.94318   0.58009   0.22331   0.61099   0.30966   0.35325   0.34777   0.42438   0.18079   0.15877   0.10964   0.08690   0.22756   1.05045   0.87406   3.25414  
 25  8.2624   7640.441752  x:  0.30981   1.23696   0.14871   0.14391   0.34563   0.09237   0.13741   0.12724   0.24077   0.26265   0.30427   0.18398   0.06369   0.50718   0.18364   0.29424   0.27869   0.16711   0.11324   0.94865   0.56951   0.22325   0.60563   0.30750   0.35167   0.35015   0.43094   0.18934   0.15152   0.10842   0.08698   0.23831   1.07058   0.84212   3.25980  
 26  8.0193   7640.334327  x:  0.32060   1.23644   0.14332   0.14709   0.35020   0.09218   0.13762   0.12827   0.24944   0.25378   0.29830   0.18866   0.06515   0.50769   0.18485   0.28838   0.26889   0.16194   0.11245   0.95753   0.57019   0.23469   0.60513   0.29856   0.34862   0.34911   0.42135   0.19031   0.15054   0.10745   0.08694   0.24910   1.08013   0.82718   3.26312  
 27  4.1456   7640.078242  x:  0.33504   1.22722   0.14325   0.14580   0.33160   0.09369   0.13569   0.12900   0.24157   0.25857   0.29961   0.18809   0.06465   0.51429   0.18173   0.29360   0.25922   0.17550   0.10575   0.97942   0.58022   0.25132   0.60957   0.29184   0.35341   0.35142   0.39663   0.17967   0.15868   0.10787   0.08641   0.26354   1.09066   0.80679   3.26752  
 28  4.1494   7639.129998  x:  0.34220   1.19994   0.15931   0.14029   0.37510   0.08817   0.13931   0.12452   0.24392   0.25595   0.30491   0.17860   0.06861   0.51461   0.17514   0.29165   0.26252   0.22880   0.10156   1.04433   0.61044   0.22520   0.62659   0.30740   0.36344   0.34615   0.36201   0.18133   0.15883   0.10695   0.08341   0.27070   1.10452   0.76879   3.27862  
 29  5.2185   7636.304672  x:  0.33972   1.19906   0.17987   0.16009   0.32558   0.09399   0.12863   0.12652   0.23623   0.24572   0.26411   0.16101   0.08096   0.50712   0.16340   0.27495   0.32517   0.20624   0.11760   1.16296   0.63972   0.19736   0.64839   0.34557   0.35777   0.34595   0.37544   0.24234   0.10612   0.09503   0.07273   0.26822   1.12253   0.74742   3.31998  
 30  9.0500   7630.075174  x:  0.33022   1.28781   0.16297   0.14822   0.36493   0.07486   0.13150   0.10453   0.21824   0.23313   0.27474   0.18808   0.08754   0.52141   0.12716   0.26198   0.45908   0.14742   0.09933   1.28281   0.60020   0.30933   0.63312   0.40080   0.33594   0.37414   0.52079   0.17058   0.15451   0.08301   0.05634   0.25869   1.11978   0.77204   3.40059  
 31 18.0733   7627.812111  x:  0.34515   1.41536   0.15249   0.15957   0.36559   0.07809   0.12411   0.10070   0.20768   0.22175   0.24093   0.20409   0.09474   0.56107   0.11169   0.24676   0.41352   0.18732   0.11209   1.22345   0.58599   0.26206   0.63344   0.32833   0.38288   0.36399   0.51258   0.15618   0.16195   0.07262   0.05116   0.27362   1.11516   0.85538   3.42880  
 32 14.8810   7626.578882  x:  0.34678   1.51367   0.14860   0.15561   0.36291   0.07064   0.12756   0.09791   0.20610   0.21948   0.24224   0.20910   0.09771   0.54107   0.10850   0.24028   0.33631   0.22389   0.09729   1.15234   0.60106   0.28773   0.69278   0.35005   0.36353   0.34102   0.48526   0.18007   0.14106   0.07611   0.04450   0.27525   1.09324   0.90752   3.44294  
 33 18.8327   7626.435801  x:  0.35026   1.53557   0.15162   0.15571   0.36229   0.07026   0.12718   0.09856   0.20564   0.21880   0.23953   0.20451   0.09810   0.54124   0.10837   0.23950   0.32518   0.22683   0.09135   1.14615   0.62452   0.27885   0.69105   0.34636   0.33811   0.36584   0.48996   0.17700   0.14282   0.07620   0.04496   0.27873   1.07629   0.90268   3.44421  
 34  4.6365   7626.275944  x:  0.35425   1.55932   0.15208   0.15422   0.36224   0.06915   0.12707   0.09851   0.20722   0.22017   0.24229   0.20396   0.09725   0.54760   0.10883   0.23902   0.31921   0.21834   0.08376   1.14127   0.66404   0.27932   0.69204   0.34132   0.35608   0.35317   0.51002   0.17754   0.14268   0.07682   0.04651   0.28272   1.04476   0.88184   3.44251  
 35  2.4586   7625.801747  x:  0.35465   1.58362   0.15177   0.15592   0.35561   0.07041   0.12256   0.10022   0.20624   0.21833   0.23550   0.20304   0.09781   0.49425   0.11434   0.23984   0.31366   0.21972   0.08311   1.14291   0.66776   0.27220   0.69006   0.32891   0.36342   0.34185   0.51726   0.15978   0.15589   0.07708   0.04837   0.28311   1.04014   0.88486   3.44385  
 36  1.1210   7619.973493  x:  0.34327   1.79086   0.19715   0.14262   0.34958   0.07845   0.08264   0.08735   0.23949   0.23750   0.23754   0.20288   0.09460   0.51806   0.12220   0.22924   0.29218   0.25780   0.13169   1.04219   0.53587   0.31564   0.68740   0.30702   0.38413   0.39643   0.48560   0.17476   0.15774   0.09577   0.07930   0.27174   1.02970   0.93164   3.39034  
 37  4.4744   7619.753382  x:  0.34841   1.78942   0.19044   0.14332   0.35000   0.07948   0.08077   0.08712   0.23982   0.23787   0.23592   0.21369   0.09472   0.51681   0.12135   0.22963   0.28696   0.25547   0.13949   1.02747   0.56279   0.31891   0.63301   0.33961   0.38747   0.39224   0.47147   0.17625   0.15733   0.09426   0.08059   0.27688   1.04409   0.94899   3.38767  
 38  4.5256   7616.097706  x:  0.36928   1.83777   0.21493   0.15177   0.34917   0.03623   0.08896   0.08801   0.23722   0.24841   0.21936   0.19318   0.10233   0.51272   0.10085   0.22265   0.34062   0.23835   0.17068   1.13116   0.56339   0.33191   0.59889   0.35908   0.39553   0.39390   0.48877   0.17999   0.15811   0.10063   0.07310   0.29774   0.98653   0.85561   3.19289  
 39  0.2174   7613.494045  x:  0.38830   1.82248   0.22624   0.16785   0.34025   0.05727   0.05329   0.10180   0.23483   0.24912   0.23754   0.17304   0.11013   0.51691   0.10212   0.20048   0.37361   0.24535   0.20755   1.18411   0.54643   0.32648   0.58867   0.37384   0.38565   0.37871   0.47058   0.18854   0.15331   0.10191   0.06119   0.31674   0.95104   0.82050   2.97456  
 40  0.1903   7609.629518  x:  0.41060   1.76666   0.21884   0.21257   0.35038   0.03603   0.07755   0.11812   0.23167   0.24766   0.27110   0.15595   0.11457   0.53840   0.11340   0.22777   0.36895   0.28593   0.28041   1.14824   0.48726   0.31356   0.59293   0.39957   0.35564   0.34434   0.39169   0.20734   0.14327   0.09058   0.05599   0.33902   0.94664   0.88190   2.62207  
 41  0.2834   7605.573657  x:  0.43785   1.97292   0.20910   0.23779   0.36087   0.05624   0.05512   0.12759   0.23427   0.23134   0.27022   0.20339   0.12411   0.54845   0.11313   0.29049   0.37582   0.31520   0.34243   1.08938   0.52367   0.33659   0.61875   0.36012   0.38660   0.38882   0.46036   0.19217   0.16022   0.08291   0.06488   0.36625   0.93638   0.91487   2.15756  
 42  0.1712   7601.399389  x:  0.47850   2.22372   0.23167   0.24292   0.39010   0.04790   0.09249   0.13884   0.23289   0.25827   0.25097   0.25649   0.15218   0.58891   0.14020   0.24914   0.41492   0.31888   0.36391   1.21028   0.61524   0.40772   0.71300   0.41011   0.39808   0.41746   0.58940   0.17681   0.18722   0.08325   0.07245   0.40689   1.10268   0.92614   1.94886  
 43  0.1475   7600.521094  x:  0.48221   2.27400   0.24355   0.23929   0.38593   0.04659   0.08758   0.13599   0.24161   0.25956   0.25310   0.25323   0.15943   0.59115   0.13043   0.24510   0.43311   0.33656   0.38574   1.23869   0.59683   0.42175   0.71639   0.43290   0.40821   0.42262   0.58090   0.18430   0.18742   0.09214   0.06730   0.41059   1.12144   0.94462   1.70536  
 44  0.2392   7599.705675  x:  0.48022   2.31997   0.25780   0.22117   0.37651   0.05516   0.08176   0.12485   0.25496   0.26165   0.25457   0.23609   0.16162   0.58592   0.11336   0.24005   0.43957   0.35324   0.37716   1.29148   0.58022   0.42774   0.72218   0.45854   0.42704   0.43484   0.56262   0.19806   0.18493   0.10468   0.06437   0.40860   1.15695   0.98857   1.78760  
 45  0.1234   7599.212286  x:  0.50307   2.40026   0.26479   0.22158   0.38286   0.06162   0.08496   0.11782   0.24946   0.26532   0.26618   0.20839   0.16032   0.59379   0.10785   0.23661   0.43481   0.37008   0.38487   1.33726   0.60124   0.42020   0.72726   0.46319   0.42868   0.43902   0.54902   0.20645   0.18207   0.09549   0.07451   0.43144   1.15395   1.01697   1.68444  
 46  0.0651   7598.946532  x:  0.52519   2.48313   0.26646   0.22463   0.38967   0.05863   0.09230   0.12517   0.24690   0.26186   0.26447   0.18708   0.15360   0.59355   0.11143   0.24215   0.41501   0.36333   0.38321   1.34671   0.61004   0.40718   0.71779   0.44793   0.42975   0.43776   0.55030   0.20240   0.18324   0.10106   0.07458   0.45356   1.13671   1.01946   1.74287  
 47  0.0522   7598.806928  x:  0.54018   2.59079   0.26806   0.22413   0.38528   0.05499   0.09225   0.12592   0.25060   0.26015   0.26396   0.18495   0.14779   0.58773   0.11236   0.24458   0.41196   0.36093   0.39320   1.35385   0.59113   0.41255   0.71340   0.45425   0.43213   0.43667   0.55274   0.20331   0.17970   0.10547   0.07203   0.46854   1.14375   1.02485   1.67915  
 48  0.0535   7598.733189  x:  0.54481   2.64710   0.26450   0.22171   0.38443   0.05683   0.09035   0.12415   0.24903   0.26242   0.26712   0.19265   0.13988   0.58747   0.11706   0.24690   0.41482   0.35392   0.39170   1.35247   0.58682   0.41504   0.71475   0.46021   0.42918   0.43500   0.55418   0.20637   0.17405   0.10152   0.07171   0.47316   1.14580   1.02467   1.70534  
 49  0.0271   7598.716474  x:  0.54451   2.65891   0.26551   0.21900   0.38764   0.05842   0.08968   0.12545   0.24961   0.26247   0.26694   0.19438   0.13894   0.59138   0.11756   0.24946   0.42261   0.35236   0.38998   1.35740   0.59488   0.41381   0.71533   0.46180   0.43018   0.43664   0.55133   0.20654   0.17535   0.10136   0.07041   0.47287   1.14182   1.02625   1.68694  
 50  0.0136   7598.709588  x:  0.54062   2.66029   0.26694   0.21650   0.38735   0.05752   0.08998   0.12539   0.25033   0.26258   0.26645   0.19289   0.13894   0.59036   0.11817   0.24910   0.42758   0.35197   0.38519   1.35830   0.59607   0.41140   0.71552   0.46175   0.43048   0.43673   0.54553   0.20497   0.17826   0.10156   0.07069   0.46897   1.13779   1.02812   1.69514  
 51  0.0058   7598.706487  x:  0.53882   2.66419   0.26584   0.21724   0.38619   0.05718   0.09037   0.12524   0.24926   0.26245   0.26715   0.19306   0.13965   0.58949   0.11877   0.24932   0.42923   0.35262   0.38288   1.35648   0.59416   0.40988   0.71628   0.46162   0.42979   0.43583   0.54359   0.20417   0.17887   0.10064   0.07097   0.46718   1.13840   1.02759   1.69047  
 52  0.0032   7598.703558  x:  0.53805   2.67325   0.26423   0.21776   0.38673   0.05752   0.09031   0.12515   0.24952   0.26194   0.26704   0.19460   0.14145   0.59049   0.11776   0.24878   0.42969   0.35329   0.37818   1.35714   0.59447   0.40954   0.71618   0.46222   0.43037   0.43611   0.54497   0.20486   0.17787   0.10120   0.07043   0.46641   1.14026   1.02551   1.69317  
 53  0.0033   7598.702746  x:  0.53882   2.67767   0.26399   0.21819   0.38706   0.05745   0.09017   0.12533   0.24960   0.26255   0.26684   0.19540   0.14155   0.59050   0.11788   0.24851   0.42925   0.35315   0.37637   1.35717   0.59637   0.41029   0.71561   0.46172   0.43009   0.43636   0.54576   0.20510   0.17759   0.10112   0.07102   0.46717   1.13794   1.02596   1.69161  
 54  0.0028   7598.702356  x:  0.53906   2.67528   0.26427   0.21854   0.38653   0.05764   0.09003   0.12551   0.24979   0.26249   0.26712   0.19539   0.14127   0.59024   0.11755   0.24895   0.42944   0.35338   0.37490   1.35741   0.59636   0.41100   0.71581   0.46126   0.43003   0.43635   0.54524   0.20497   0.17788   0.10113   0.07097   0.46741   1.13763   1.02767   1.69203  
 55  0.0011   7598.702188  x:  0.53928   2.67458   0.26487   0.21870   0.38686   0.05751   0.09021   0.12558   0.24967   0.26244   0.26703   0.19515   0.14113   0.59050   0.11763   0.24857   0.42945   0.35339   0.37397   1.35744   0.59655   0.41121   0.71634   0.46094   0.43009   0.43632   0.54553   0.20478   0.17817   0.10114   0.07089   0.46763   1.13844   1.02733   1.69171  
 56  0.0008   7598.702128  x:  0.53945   2.67473   0.26531   0.21868   0.38687   0.05751   0.09020   0.12542   0.24962   0.26246   0.26700   0.19470   0.14100   0.59038   0.11762   0.24878   0.42903   0.35352   0.37357   1.35701   0.59675   0.41094   0.71646   0.46107   0.43022   0.43651   0.54576   0.20497   0.17805   0.10113   0.07093   0.46780   1.13894   1.02670   1.69159  
 57  0.0005   7598.702108  x:  0.53955   2.67394   0.26551   0.21868   0.38683   0.05753   0.09016   0.12549   0.24968   0.26244   0.26696   0.19446   0.14104   0.59036   0.11771   0.24875   0.42883   0.35348   0.37341   1.35647   0.59692   0.41069   0.71634   0.46117   0.43015   0.43648   0.54588   0.20492   0.17806   0.10114   0.07091   0.46791   1.13883   1.02679   1.69177  
 58  0.0004   7598.702101  x:  0.53978   2.67417   0.26556   0.21863   0.38684   0.05753   0.09015   0.12548   0.24967   0.26247   0.26701   0.19435   0.14107   0.59038   0.11768   0.24871   0.42886   0.35349   0.37340   1.35654   0.59688   0.41071   0.71638   0.46122   0.43017   0.43648   0.54592   0.20491   0.17802   0.10112   0.07091   0.46813   1.13880   1.02704   1.69163  
 59  0.0002   7598.702099  x:  0.53987   2.67402   0.26554   0.21861   0.38686   0.05751   0.09016   0.12549   0.24967   0.26246   0.26700   0.19440   0.14110   0.59039   0.11768   0.24875   0.42893   0.35348   0.37340   1.35654   0.59691   0.41077   0.71644   0.46114   0.43020   0.43651   0.54593   0.20490   0.17804   0.10112   0.07091   0.46823   1.13880   1.02705   1.69164  
 60  0.0001   7598.702099  x:  0.53991   2.67396   0.26551   0.21861   0.38685   0.05752   0.09016   0.12547   0.24967   0.26246   0.26701   0.19442   0.14110   0.59039   0.11769   0.24874   0.42893   0.35348   0.37340   1.35652   0.59689   0.41078   0.71643   0.46114   0.43019   0.43650   0.54588   0.20493   0.17803   0.10112   0.07091   0.46827   1.13884   1.02700   1.69164  
 61  0.0001   7598.702098  x:  0.53992   2.67395   0.26551   0.21861   0.38685   0.05752   0.09016   0.12547   0.24967   0.26246   0.26700   0.19442   0.14110   0.59038   0.11768   0.24874   0.42893   0.35348   0.37340   1.35651   0.59690   0.41077   0.71642   0.46114   0.43018   0.43649   0.54587   0.20492   0.17804   0.10112   0.07091   0.46828   1.13882   1.02699   1.69164  
 62  0.0000   7598.702098  x:  0.53993   2.67394   0.26551   0.21862   0.38685   0.05752   0.09016   0.12547   0.24967   0.26246   0.26700   0.19443   0.14110   0.59038   0.11768   0.24874   0.42893   0.35348   0.37340   1.35649   0.59690   0.41077   0.71642   0.46114   0.43018   0.43649   0.54587   0.20492   0.17804   0.10112   0.07091   0.46828   1.13881   1.02698   1.69165  
 63  0.0000   7598.702098  x:  0.53993   2.67395   0.26551   0.21862   0.38685   0.05752   0.09016   0.12547   0.24967   0.26246   0.26700   0.19443   0.14110   0.59038   0.11768   0.24874   0.42894   0.35348   0.37341   1.35649   0.59689   0.41076   0.71643   0.46114   0.43018   0.43649   0.54587   0.20492   0.17804   0.10112   0.07091   0.46828   1.13881   1.02699   1.69164  
 64  0.0000   7598.702098  x:  0.53993   2.67395   0.26551   0.21862   0.38685   0.05752   0.09016   0.12547   0.24967   0.26246   0.26700   0.19443   0.14110   0.59038   0.11768   0.24874   0.42894   0.35348   0.37341   1.35649   0.59689   0.41076   0.71643   0.46114   0.43018   0.43649   0.54587   0.20492   0.17804   0.10112   0.07091   0.46828   1.13881   1.02699   1.69165  
 65  0.0000   7598.702098  x:  0.53993   2.67395   0.26551   0.21862   0.38685   0.05752   0.09016   0.12547   0.24967   0.26246   0.26700   0.19443   0.14110   0.59038   0.11768   0.24874   0.42894   0.35348   0.37341   1.35649   0.59689   0.41076   0.71643   0.46115   0.43018   0.43649   0.54587   0.20492   0.17804   0.10112   0.07091   0.46828   1.13881   1.02699   1.69165  
 66  0.0000   7598.702098  x:  0.53993   2.67395   0.26551   0.21862   0.38685   0.05752   0.09016   0.12547   0.24967   0.26246   0.26700   0.19443   0.14110   0.59038   0.11768   0.24874   0.42894   0.35348   0.37341   1.35649   0.59689   0.41076   0.71643   0.46115   0.43018   0.43649   0.54587   0.20492   0.17804   0.10112   0.07091   0.46828   1.13881   1.02699   1.69165  
 67  0.0000   7598.702098  x:  0.53993   2.67395   0.26551   0.21862   0.38685   0.05752   0.09016   0.12547   0.24967   0.26246   0.26700   0.19443   0.14110   0.59038   0.11768   0.24874   0.42894   0.35348   0.37341   1.35649   0.59689   0.41076   0.71643   0.46115   0.43018   0.43649   0.54587   0.20492   0.17804   0.10112   0.07091   0.46828   1.13881   1.02699   1.69165  