35	1111110000000000000000000000000000000000000000000111111001111111111100000011111111100001111111111111111111110001111111111110001111111111000111111110000001111111111111111111111111111111111011111111111111111111111111110011111111111110000111111111111111111111111111111111111111111111111111111101111111111111111111111111111111111111111111111111001
24	1111000000000000000000000000000000000000000000000000011001111111111111111111111111111111111111111111111111111101111111111111111111111111101111111111101111111111111111111111111111111111111111111111111111111111111111111011111111111111111111111111111111111111000011111111111111111111111111111111111111111111111111111111000000000000000111111111001
25	1110000000000000000000000000000000000000000000000000000000011111111111111111111111100001111111111111111111111100111111111111111111111111101111111111101111111111111111111111111111111111111111111111111111111111111111111011111111111111111111111111111111111111000011111111111111111111111111111111111111111111111111111111000000000000000111111100000
23	1110000000000000000000000000000000000000000000000000000000011111111111111111111111100001111111111111111111111100111111111111111111111111101111111111101111111111111111111111111111111111111111111111111111111111111111111011111111111111111111111111111111111111000011111111111111111111111111111111111111111111111111111111000000000000000111111100000
22	1110000000000000000000000000000000000000000000000000000000011111111111111111111111100001111111111111111111111100111111111111111111111111101111111111101111111111111111111111111111111111111111111111111111111111111111111011111111111111111111111111111111111111000011111111111111111111111111111111111111111111111111111111000000000000000111111100000
27	1000000000000000000000000000000000000000000000000000000000011111111111111111111111100001111111111111111111111111111111111111111111111111101111111111101111111111111111111111111111111111111111111111111111111111111111111111111111111111111111111111111111011111000011111111111111111111111111111111111111111111111111111111000000000000000111111100000
26	1000000000000000000000000000000000000000000000000000000000011111111111111111111111100001111111111111111111111111111111111111111111111111101111111111101111111111111111111111111111111111111111111111111111111111111111111111111111111111111111111111111111011111000011111111111111111111111111111111111111111111111111111111000000000000000111111100000
21	1110000000000000000000000000000000000000000000000000000000011111111111111111111111100001111111111111111111111100111111111111111111111111101111111111101111111111111111111111111111111111111111111111111111111111111111111011111111111111111111111111111111111111000011111111111111111111111111111111111111111111111111111111000000000000000111111100000
30	1111100000000000000000000000000000000000000000000000000000000000000000000011111111100001111111111111111000000000001111111110001111111111000111111100000000000000011111111111111111111111111011111111111111111111111111100011111111111110000111111111111100111100000000001111111111111111111111111101111111111111111111111111111100000000000000000000000
32	1111000000000000000000000000000000000000000000000000000000000000000000000011111111100001111111111111111000000000111111111110001111111111000111111100000001111110011111111111111111111111111011111111111111111111111111100011111111111110000111111111111100111110000000011111111111111111111111111101111111111111111111111111111000000000000000000000000
31	1111000000000000000000000000000000000000000000000000000000000000000000000011111111100001111111111111111000000000111111111110001111111111000111111100000001111110011111111111111111111111111011111111111111111111111111100011111111111110000111111111111100111110000000011111111111111111111111111101111111111111111111111111111000000000000000000000000
29	1111000000000000000000000000000000000000000000000000000000000000000000000011111111100001111111111111111000000000111111111110001111111111000111111100000001111110011111111111111111111111111011111111111111111111111111100011111111111110000111111111111100111110000000001111111111111111111111111101111111111111111111111111111100000000000000000000000
34	1100000000000000000000000000000000000000000000000000000000000000000000000011111111100001111111111111111000000001111111111110001111111111000111111100000001111110011111111111111111111111111011111111111111111111111111100011111111111110000111111111111100111100000000001111111111111111111111111101111111111111111111111111111111000000000000000000000
33	1100000000000000000000000000000000000000000000000000000000000000000000000011111111100001111111111111111000000001111111111110001111111111000111111100000001111110011111111111111111111111111011111111111111111111111111100011111111111110000111111111111100111100000000001111111111111111111111111101111111111111111111111111111111000000000000000000000
28	1111000000000000000000000000000000000000000000000000000000000000000000000011111111100001111111111111111000000001111111111110001111111111000111111100000001111110011111111111111111111111111011111111111111111111111111100011111111111110000111111111111100111110000000001111111111111111111111111101111111111111111111111111111100000000000000000000000
20	1110000000000000000000000000000000000000000000000000000000000000000000000011111111100001111111111111111000000000111111111110001111111111000111111100000001111110011111111111111111111111111011111111111111111111111111100011111111111110000111111111111100111110000000001111111111111111111111111101111111111111111111111111000000000000000000000000000
19	1111000000000000000000000000000000000000000000000000000000011111111100000011111111100001111111111111111111110001111111111110001111111111000111111110000001111111111111111111111111111111111011111111111111111111111111110011111111111110000111111111111100111111000011111111111111111111111111111101111111111111111111111111111100000000000111111100000
