1.000000
0.393000
0.133000
0.342000
0.303000
0.360000
0.124000
0.149000
0.325000
0.137000
0.149000
0.206000
0.124000
0.202000
0.212000
0.133000
0.173000
0.223000
0.294000
0.194000
0.325000
0.135000
0.223000
0.223000
0.173000
0.229000
0.173000
0.137000
0.149000
0.325000
0.135000
0.149000
0.194000
0.137000
0.229000
0.294000
0.194000
0.212000
0.173000
0.212000
0.325000
0.137000
0.194000
0.137000
0.173000
0.194000
0.137000
0.223000
0.088000
0.918000
0.108000
0.285000
0.286000
0.394000
0.154000
0.415000
0.247000
0.228000
0.176000
0.194000
0.098000
0.106000
0.181000
0.099000
0.196000
0.247000
0.551000
0.215000
0.089000
0.268000
0.234000
0.302000
0.165000
0.387000
0.486000
0.829000
0.783000
0.980000
0.652000
0.442000
1.000000
0.391000
0.810000
0.225000
0.186000
0.144000
0.148000
0.278000
0.979000
0.335000
0.649000
0.684000
0.772000
0.640000
0.284000
0.998000
0.725000
0.328000
0.496000
0.401000
0.660000
0.827000
0.538000
0.210000
0.139000
0.301000
0.117000
0.771000
0.133000
0.090000
0.084000
0.225000
0.185000
0.222000
0.625000
0.524000
0.336000
0.239000
0.354000
0.490000
0.870000
0.912000
0.952000
0.175000
0.216000
0.388000
0.587000
0.979000
0.703000
0.652000
0.957000
0.999000
0.556000
0.622000
0.998000
0.898000
0.846000
0.271000
0.149000
0.311000
1.000000
0.560000
0.263000
0.455000
0.439000
0.461000
0.150000
0.094000
0.314000
0.455000
0.109000
0.137000
0.126000
0.673000
0.275000
0.540000
1.000000
0.547000
0.364000
0.083000
0.110000
0.546000
0.997000
0.999000
0.803000
1.000000
1.000000
0.677000
0.979000
0.999000
0.777000
0.472000
0.999000
0.998000
0.996000
0.840000
0.995000
0.995000
0.578000
0.702000
0.987000
0.904000
0.416000
0.826000
0.832000
0.401000
0.521000
0.099000
0.968000
0.392000
0.535000
0.513000
0.284000
0.700000
0.351000
0.591000
0.302000
0.463000
0.493000
0.914000
0.331000
0.689000
0.858000
0.993000
0.519000
0.992000
1.000000
0.483000
0.501000
0.999000
0.742000
0.277000
0.446000
0.682000
0.544000
0.213000
0.205000
0.121000
0.330000
0.886000
0.706000
1.000000
0.507000
0.985000
0.916000
0.317000
0.795000
0.997000
0.976000
0.879000
0.999000
0.518000
0.115000
0.368000
0.543000
0.969000
0.543000
0.269000
0.499000
0.963000
0.695000
0.216000
0.495000
0.330000
0.530000
0.635000
0.423000
0.806000
0.460000
0.198000
0.902000
0.264000
0.289000
0.403000
0.514000
0.141000
0.194000
0.170000
0.480000
0.177000
0.235000
0.525000
0.103000
0.171000
0.831000
0.207000
0.254000
0.962000
0.848000
0.308000
0.867000
0.895000
1.000000
0.927000
0.966000
0.996000
1.000000
0.806000
0.979000
0.989000
0.456000
0.994000
0.483000
0.996000
0.517000
0.999000
0.628000
0.976000
0.361000
0.790000
0.146000
0.690000
0.402000
0.412000
0.324000
0.545000
0.956000
0.582000
0.595000
1.000000
0.954000
0.430000
1.000000
1.000000
0.801000
0.329000
0.985000
1.000000
0.568000
0.210000
1.000000
0.994000
0.777000
0.843000
0.517000
0.308000
0.568000
0.589000
0.166000
0.208000
0.178000
0.657000
0.278000
0.318000
0.279000
0.417000
0.334000
0.443000
0.308000
0.319000
0.407000
0.523000
0.997000
0.403000
0.350000
0.150000
0.192000
0.353000
0.197000
0.337000
0.200000
0.303000
0.449000
